{
 "cells": [
  {
   "cell_type": "markdown",
   "metadata": {},
   "source": [
    "## Importations"
   ]
  },
  {
   "cell_type": "code",
   "execution_count": 1,
   "metadata": {},
   "outputs": [],
   "source": [
    "import pandas as pd\n",
    "import numpy as np\n",
    "import sqlalchemy as sql\n",
    "import configparser\n",
    "import datetime\n",
    "import seaborn as sns\n",
    "import matplotlib.pyplot as plt \n",
    "import io\n",
    "import gzip\n",
    "import boto3\n",
    "import json\n",
    "from botocore.config import Config"
   ]
  },
  {
   "cell_type": "markdown",
   "metadata": {},
   "source": [
    "## Configuration"
   ]
  },
  {
   "cell_type": "code",
   "execution_count": 2,
   "metadata": {},
   "outputs": [
    {
     "data": {
      "text/plain": [
       "['../config/default.ini']"
      ]
     },
     "execution_count": 2,
     "metadata": {},
     "output_type": "execute_result"
    }
   ],
   "source": [
    "config = configparser.ConfigParser()\n",
    "config.read('../config/default.ini')"
   ]
  },
  {
   "cell_type": "code",
   "execution_count": 3,
   "metadata": {},
   "outputs": [],
   "source": [
    "engine = sql.create_engine('postgresql://{}:{}@{}:{}/{}'.format(config['DATABASE']['username'], config['DATABASE']['password'].replace('_percentage_', '%'), config['DATABASE']['host'], config['DATABASE']['port'], config['DATABASE']['database']),pool_recycle=600)"
   ]
  },
  {
   "cell_type": "code",
   "execution_count": 4,
   "metadata": {},
   "outputs": [],
   "source": [
    "try:\n",
    "    ssm = boto3.client('ssm')\n",
    "    s3 = boto3.client('s3')\n",
    "    s3_resource = boto3.resource('s3')\n",
    "except:\n",
    "    aws_config = Config(region_name=config['DEFAULT']['AWS_DEFAULT_REGION'])    \n",
    "\n",
    "    aws_session = boto3.session.Session(\n",
    "        aws_access_key_id=config['DEFAULT']['AWS_ACCESS_KEY_ID'],\n",
    "        aws_secret_access_key=config['DEFAULT']['AWS_SECRET_ACCESS_KEY']            \n",
    "    )\n",
    "\n",
    "    ssm = aws_session.client('ssm', config=aws_config)\n",
    "    s3 = aws_session.client('s3', config=aws_config)\n",
    "    s3_resource = aws_session.resource('s3')  "
   ]
  },
  {
   "cell_type": "markdown",
   "metadata": {},
   "source": [
    "## Utilitaires"
   ]
  },
  {
   "cell_type": "code",
   "execution_count": 5,
   "metadata": {},
   "outputs": [],
   "source": [
    "def export_df(df, name, date=True):\n",
    "    df.to_csv('../output/{}{}.csv'.format('{}_'.format(datetime.datetime.strftime(datetime.datetime.now(), '%y%m%d')) if date else '', name), index=False, encoding='utf-8-sig')"
   ]
  },
  {
   "cell_type": "code",
   "execution_count": 6,
   "metadata": {},
   "outputs": [],
   "source": [
    "def export_fig(plot, name, date=True):\n",
    "    plot.savefig('../images/{}{}.png'.format('{}_'.format(datetime.datetime.strftime(datetime.datetime.now(), '%y%m%d')) if date else '', name))"
   ]
  },
  {
   "cell_type": "markdown",
   "metadata": {},
   "source": [
    "## Données"
   ]
  },
  {
   "cell_type": "markdown",
   "metadata": {},
   "source": [
    "### Read Query"
   ]
  },
  {
   "cell_type": "code",
   "execution_count": 7,
   "metadata": {},
   "outputs": [],
   "source": [
    "colnamesdata = s3.get_object(Bucket='big-data-media', Key='crm/in/segments/segments_baseline/segments_labels.json')\n",
    "column_names = json.load(io.BytesIO(colnamesdata['Body'].read()))"
   ]
  },
  {
   "cell_type": "code",
   "execution_count": 15,
   "metadata": {},
   "outputs": [
    {
     "data": {
      "text/html": [
       "<div>\n",
       "<style scoped>\n",
       "    .dataframe tbody tr th:only-of-type {\n",
       "        vertical-align: middle;\n",
       "    }\n",
       "\n",
       "    .dataframe tbody tr th {\n",
       "        vertical-align: top;\n",
       "    }\n",
       "\n",
       "    .dataframe thead th {\n",
       "        text-align: right;\n",
       "    }\n",
       "</style>\n",
       "<table border=\"1\" class=\"dataframe\">\n",
       "  <thead>\n",
       "    <tr style=\"text-align: right;\">\n",
       "      <th></th>\n",
       "      <th>actito_id</th>\n",
       "      <th>Musiq3</th>\n",
       "      <th>SeriesNous</th>\n",
       "      <th>Information</th>\n",
       "      <th>Sport</th>\n",
       "      <th>Knowledge</th>\n",
       "      <th>Rugby</th>\n",
       "      <th>Proto1</th>\n",
       "      <th>Formule1</th>\n",
       "      <th>Fiction</th>\n",
       "      <th>...</th>\n",
       "      <th>Cuisine</th>\n",
       "      <th>Jardinage</th>\n",
       "      <th>Films</th>\n",
       "      <th>Documentaires</th>\n",
       "      <th>Histoire</th>\n",
       "      <th>Proto2</th>\n",
       "      <th>Voyage</th>\n",
       "      <th>RelaxJA</th>\n",
       "      <th>eSport</th>\n",
       "      <th>MusiqueClassique</th>\n",
       "    </tr>\n",
       "  </thead>\n",
       "  <tbody>\n",
       "    <tr>\n",
       "      <th>0</th>\n",
       "      <td>26038647.0</td>\n",
       "      <td>NaN</td>\n",
       "      <td>NaN</td>\n",
       "      <td>NaN</td>\n",
       "      <td>NaN</td>\n",
       "      <td>NaN</td>\n",
       "      <td>NaN</td>\n",
       "      <td>NaN</td>\n",
       "      <td>NaN</td>\n",
       "      <td>NaN</td>\n",
       "      <td>...</td>\n",
       "      <td>NaN</td>\n",
       "      <td>NaN</td>\n",
       "      <td>NaN</td>\n",
       "      <td>NaN</td>\n",
       "      <td>NaN</td>\n",
       "      <td>NaN</td>\n",
       "      <td>NaN</td>\n",
       "      <td>NaN</td>\n",
       "      <td>NaN</td>\n",
       "      <td>NaN</td>\n",
       "    </tr>\n",
       "    <tr>\n",
       "      <th>1</th>\n",
       "      <td>24748914.0</td>\n",
       "      <td>NaN</td>\n",
       "      <td>NaN</td>\n",
       "      <td>180.0</td>\n",
       "      <td>90.0</td>\n",
       "      <td>NaN</td>\n",
       "      <td>NaN</td>\n",
       "      <td>NaN</td>\n",
       "      <td>NaN</td>\n",
       "      <td>NaN</td>\n",
       "      <td>...</td>\n",
       "      <td>NaN</td>\n",
       "      <td>NaN</td>\n",
       "      <td>NaN</td>\n",
       "      <td>NaN</td>\n",
       "      <td>NaN</td>\n",
       "      <td>30.0</td>\n",
       "      <td>NaN</td>\n",
       "      <td>NaN</td>\n",
       "      <td>NaN</td>\n",
       "      <td>NaN</td>\n",
       "    </tr>\n",
       "    <tr>\n",
       "      <th>2</th>\n",
       "      <td>24860798.0</td>\n",
       "      <td>NaN</td>\n",
       "      <td>NaN</td>\n",
       "      <td>7.0</td>\n",
       "      <td>NaN</td>\n",
       "      <td>180.0</td>\n",
       "      <td>NaN</td>\n",
       "      <td>NaN</td>\n",
       "      <td>NaN</td>\n",
       "      <td>NaN</td>\n",
       "      <td>...</td>\n",
       "      <td>NaN</td>\n",
       "      <td>365.0</td>\n",
       "      <td>NaN</td>\n",
       "      <td>180.0</td>\n",
       "      <td>NaN</td>\n",
       "      <td>NaN</td>\n",
       "      <td>NaN</td>\n",
       "      <td>NaN</td>\n",
       "      <td>NaN</td>\n",
       "      <td>NaN</td>\n",
       "    </tr>\n",
       "    <tr>\n",
       "      <th>3</th>\n",
       "      <td>37934653.0</td>\n",
       "      <td>NaN</td>\n",
       "      <td>NaN</td>\n",
       "      <td>30.0</td>\n",
       "      <td>NaN</td>\n",
       "      <td>365.0</td>\n",
       "      <td>NaN</td>\n",
       "      <td>NaN</td>\n",
       "      <td>NaN</td>\n",
       "      <td>365.0</td>\n",
       "      <td>...</td>\n",
       "      <td>NaN</td>\n",
       "      <td>NaN</td>\n",
       "      <td>NaN</td>\n",
       "      <td>NaN</td>\n",
       "      <td>NaN</td>\n",
       "      <td>365.0</td>\n",
       "      <td>NaN</td>\n",
       "      <td>NaN</td>\n",
       "      <td>NaN</td>\n",
       "      <td>NaN</td>\n",
       "    </tr>\n",
       "    <tr>\n",
       "      <th>4</th>\n",
       "      <td>40416895.0</td>\n",
       "      <td>NaN</td>\n",
       "      <td>NaN</td>\n",
       "      <td>365.0</td>\n",
       "      <td>NaN</td>\n",
       "      <td>NaN</td>\n",
       "      <td>NaN</td>\n",
       "      <td>NaN</td>\n",
       "      <td>NaN</td>\n",
       "      <td>NaN</td>\n",
       "      <td>...</td>\n",
       "      <td>NaN</td>\n",
       "      <td>NaN</td>\n",
       "      <td>NaN</td>\n",
       "      <td>NaN</td>\n",
       "      <td>NaN</td>\n",
       "      <td>NaN</td>\n",
       "      <td>NaN</td>\n",
       "      <td>NaN</td>\n",
       "      <td>NaN</td>\n",
       "      <td>NaN</td>\n",
       "    </tr>\n",
       "  </tbody>\n",
       "</table>\n",
       "<p>5 rows × 56 columns</p>\n",
       "</div>"
      ],
      "text/plain": [
       "    actito_id  Musiq3  SeriesNous  Information  Sport  Knowledge  Rugby  \\\n",
       "0  26038647.0     NaN         NaN          NaN    NaN        NaN    NaN   \n",
       "1  24748914.0     NaN         NaN        180.0   90.0        NaN    NaN   \n",
       "2  24860798.0     NaN         NaN          7.0    NaN      180.0    NaN   \n",
       "3  37934653.0     NaN         NaN         30.0    NaN      365.0    NaN   \n",
       "4  40416895.0     NaN         NaN        365.0    NaN        NaN    NaN   \n",
       "\n",
       "   Proto1  Formule1  Fiction  ...  Cuisine  Jardinage  Films  Documentaires  \\\n",
       "0     NaN       NaN      NaN  ...      NaN        NaN    NaN            NaN   \n",
       "1     NaN       NaN      NaN  ...      NaN        NaN    NaN            NaN   \n",
       "2     NaN       NaN      NaN  ...      NaN      365.0    NaN          180.0   \n",
       "3     NaN       NaN    365.0  ...      NaN        NaN    NaN            NaN   \n",
       "4     NaN       NaN      NaN  ...      NaN        NaN    NaN            NaN   \n",
       "\n",
       "   Histoire  Proto2  Voyage  RelaxJA  eSport  MusiqueClassique  \n",
       "0       NaN     NaN     NaN      NaN     NaN               NaN  \n",
       "1       NaN    30.0     NaN      NaN     NaN               NaN  \n",
       "2       NaN     NaN     NaN      NaN     NaN               NaN  \n",
       "3       NaN   365.0     NaN      NaN     NaN               NaN  \n",
       "4       NaN     NaN     NaN      NaN     NaN               NaN  \n",
       "\n",
       "[5 rows x 56 columns]"
      ]
     },
     "execution_count": 15,
     "metadata": {},
     "output_type": "execute_result"
    }
   ],
   "source": [
    "df = None\n",
    "data = s3_resource.Object('big-data-media', 'crm/out/actito/segments/segments000.gz')\n",
    "with gzip.GzipFile(fileobj=data.get()['Body']) as gzfile:\n",
    "    df = pd.read_csv(io.BytesIO(gzfile.read()), encoding='utf-8-sig')\n",
    "\n",
    "    df = df.rename(columns=column_names)\n",
    "\n",
    "    df = df.replace(['last_7_days'],7)\n",
    "    df = df.replace(['last_30_days'],30)\n",
    "    df = df.replace(['last_90_days'],90)\n",
    "    df = df.replace(['last_180_days'],180)\n",
    "    df = df.replace(['last_365_days'],365)\n",
    "    df = df.replace(['older'],np.nan)\n",
    "\n",
    "    df = df[(~df['actito_id'].isna()) & (df['actito_id'] != 0)]  \n",
    "df.head()"
   ]
  },
  {
   "cell_type": "code",
   "execution_count": 35,
   "metadata": {},
   "outputs": [
    {
     "data": {
      "text/plain": [
       "'2021/10/05'"
      ]
     },
     "execution_count": 35,
     "metadata": {},
     "output_type": "execute_result"
    }
   ],
   "source": [
    "data.last_modified.strftime('%Y/%m/%d')"
   ]
  },
  {
   "cell_type": "code",
   "execution_count": 16,
   "metadata": {},
   "outputs": [],
   "source": [
    "df['actito_id'] = df['actito_id'].astype(int)"
   ]
  },
  {
   "cell_type": "code",
   "execution_count": 17,
   "metadata": {},
   "outputs": [
    {
     "data": {
      "text/html": [
       "<div>\n",
       "<style scoped>\n",
       "    .dataframe tbody tr th:only-of-type {\n",
       "        vertical-align: middle;\n",
       "    }\n",
       "\n",
       "    .dataframe tbody tr th {\n",
       "        vertical-align: top;\n",
       "    }\n",
       "\n",
       "    .dataframe thead th {\n",
       "        text-align: right;\n",
       "    }\n",
       "</style>\n",
       "<table border=\"1\" class=\"dataframe\">\n",
       "  <thead>\n",
       "    <tr style=\"text-align: right;\">\n",
       "      <th></th>\n",
       "      <th>actito_id</th>\n",
       "      <th>Musiq3</th>\n",
       "      <th>SeriesNous</th>\n",
       "      <th>Information</th>\n",
       "      <th>Sport</th>\n",
       "      <th>Knowledge</th>\n",
       "      <th>Rugby</th>\n",
       "      <th>Proto1</th>\n",
       "      <th>Formule1</th>\n",
       "      <th>Fiction</th>\n",
       "      <th>...</th>\n",
       "      <th>Cuisine</th>\n",
       "      <th>Jardinage</th>\n",
       "      <th>Films</th>\n",
       "      <th>Documentaires</th>\n",
       "      <th>Histoire</th>\n",
       "      <th>Proto2</th>\n",
       "      <th>Voyage</th>\n",
       "      <th>RelaxJA</th>\n",
       "      <th>eSport</th>\n",
       "      <th>MusiqueClassique</th>\n",
       "    </tr>\n",
       "  </thead>\n",
       "  <tbody>\n",
       "    <tr>\n",
       "      <th>0</th>\n",
       "      <td>26038647</td>\n",
       "      <td>NaN</td>\n",
       "      <td>NaN</td>\n",
       "      <td>NaN</td>\n",
       "      <td>NaN</td>\n",
       "      <td>NaN</td>\n",
       "      <td>NaN</td>\n",
       "      <td>NaN</td>\n",
       "      <td>NaN</td>\n",
       "      <td>NaN</td>\n",
       "      <td>...</td>\n",
       "      <td>NaN</td>\n",
       "      <td>NaN</td>\n",
       "      <td>NaN</td>\n",
       "      <td>NaN</td>\n",
       "      <td>NaN</td>\n",
       "      <td>NaN</td>\n",
       "      <td>NaN</td>\n",
       "      <td>NaN</td>\n",
       "      <td>NaN</td>\n",
       "      <td>NaN</td>\n",
       "    </tr>\n",
       "    <tr>\n",
       "      <th>1</th>\n",
       "      <td>24748914</td>\n",
       "      <td>NaN</td>\n",
       "      <td>NaN</td>\n",
       "      <td>180.0</td>\n",
       "      <td>90.0</td>\n",
       "      <td>NaN</td>\n",
       "      <td>NaN</td>\n",
       "      <td>NaN</td>\n",
       "      <td>NaN</td>\n",
       "      <td>NaN</td>\n",
       "      <td>...</td>\n",
       "      <td>NaN</td>\n",
       "      <td>NaN</td>\n",
       "      <td>NaN</td>\n",
       "      <td>NaN</td>\n",
       "      <td>NaN</td>\n",
       "      <td>30.0</td>\n",
       "      <td>NaN</td>\n",
       "      <td>NaN</td>\n",
       "      <td>NaN</td>\n",
       "      <td>NaN</td>\n",
       "    </tr>\n",
       "    <tr>\n",
       "      <th>2</th>\n",
       "      <td>24860798</td>\n",
       "      <td>NaN</td>\n",
       "      <td>NaN</td>\n",
       "      <td>7.0</td>\n",
       "      <td>NaN</td>\n",
       "      <td>180.0</td>\n",
       "      <td>NaN</td>\n",
       "      <td>NaN</td>\n",
       "      <td>NaN</td>\n",
       "      <td>NaN</td>\n",
       "      <td>...</td>\n",
       "      <td>NaN</td>\n",
       "      <td>365.0</td>\n",
       "      <td>NaN</td>\n",
       "      <td>180.0</td>\n",
       "      <td>NaN</td>\n",
       "      <td>NaN</td>\n",
       "      <td>NaN</td>\n",
       "      <td>NaN</td>\n",
       "      <td>NaN</td>\n",
       "      <td>NaN</td>\n",
       "    </tr>\n",
       "    <tr>\n",
       "      <th>3</th>\n",
       "      <td>37934653</td>\n",
       "      <td>NaN</td>\n",
       "      <td>NaN</td>\n",
       "      <td>30.0</td>\n",
       "      <td>NaN</td>\n",
       "      <td>365.0</td>\n",
       "      <td>NaN</td>\n",
       "      <td>NaN</td>\n",
       "      <td>NaN</td>\n",
       "      <td>365.0</td>\n",
       "      <td>...</td>\n",
       "      <td>NaN</td>\n",
       "      <td>NaN</td>\n",
       "      <td>NaN</td>\n",
       "      <td>NaN</td>\n",
       "      <td>NaN</td>\n",
       "      <td>365.0</td>\n",
       "      <td>NaN</td>\n",
       "      <td>NaN</td>\n",
       "      <td>NaN</td>\n",
       "      <td>NaN</td>\n",
       "    </tr>\n",
       "    <tr>\n",
       "      <th>4</th>\n",
       "      <td>40416895</td>\n",
       "      <td>NaN</td>\n",
       "      <td>NaN</td>\n",
       "      <td>365.0</td>\n",
       "      <td>NaN</td>\n",
       "      <td>NaN</td>\n",
       "      <td>NaN</td>\n",
       "      <td>NaN</td>\n",
       "      <td>NaN</td>\n",
       "      <td>NaN</td>\n",
       "      <td>...</td>\n",
       "      <td>NaN</td>\n",
       "      <td>NaN</td>\n",
       "      <td>NaN</td>\n",
       "      <td>NaN</td>\n",
       "      <td>NaN</td>\n",
       "      <td>NaN</td>\n",
       "      <td>NaN</td>\n",
       "      <td>NaN</td>\n",
       "      <td>NaN</td>\n",
       "      <td>NaN</td>\n",
       "    </tr>\n",
       "  </tbody>\n",
       "</table>\n",
       "<p>5 rows × 56 columns</p>\n",
       "</div>"
      ],
      "text/plain": [
       "   actito_id  Musiq3  SeriesNous  Information  Sport  Knowledge  Rugby  \\\n",
       "0   26038647     NaN         NaN          NaN    NaN        NaN    NaN   \n",
       "1   24748914     NaN         NaN        180.0   90.0        NaN    NaN   \n",
       "2   24860798     NaN         NaN          7.0    NaN      180.0    NaN   \n",
       "3   37934653     NaN         NaN         30.0    NaN      365.0    NaN   \n",
       "4   40416895     NaN         NaN        365.0    NaN        NaN    NaN   \n",
       "\n",
       "   Proto1  Formule1  Fiction  ...  Cuisine  Jardinage  Films  Documentaires  \\\n",
       "0     NaN       NaN      NaN  ...      NaN        NaN    NaN            NaN   \n",
       "1     NaN       NaN      NaN  ...      NaN        NaN    NaN            NaN   \n",
       "2     NaN       NaN      NaN  ...      NaN      365.0    NaN          180.0   \n",
       "3     NaN       NaN    365.0  ...      NaN        NaN    NaN            NaN   \n",
       "4     NaN       NaN      NaN  ...      NaN        NaN    NaN            NaN   \n",
       "\n",
       "   Histoire  Proto2  Voyage  RelaxJA  eSport  MusiqueClassique  \n",
       "0       NaN     NaN     NaN      NaN     NaN               NaN  \n",
       "1       NaN    30.0     NaN      NaN     NaN               NaN  \n",
       "2       NaN     NaN     NaN      NaN     NaN               NaN  \n",
       "3       NaN   365.0     NaN      NaN     NaN               NaN  \n",
       "4       NaN     NaN     NaN      NaN     NaN               NaN  \n",
       "\n",
       "[5 rows x 56 columns]"
      ]
     },
     "execution_count": 17,
     "metadata": {},
     "output_type": "execute_result"
    }
   ],
   "source": [
    "df.head()"
   ]
  },
  {
   "cell_type": "code",
   "execution_count": 21,
   "metadata": {},
   "outputs": [
    {
     "data": {
      "text/plain": [
       "424158"
      ]
     },
     "execution_count": 21,
     "metadata": {},
     "output_type": "execute_result"
    }
   ],
   "source": [
    "df['SeriesNous'].count()"
   ]
  },
  {
   "cell_type": "code",
   "execution_count": 38,
   "metadata": {},
   "outputs": [
    {
     "name": "stdout",
     "output_type": "stream",
     "text": [
      "{\"last_modified\": \"2021/10/05\", \"count\": 309940, \"counts\": [{\"name\": \"Sport\", \"value\": 125931}, {\"name\": \"Information\", \"value\": 143542}, {\"name\": \"TV\", \"value\": 100567}, {\"name\": \"Football\", \"value\": 60032}, {\"name\": \"DiablesRouges\", \"value\": 17135}, {\"name\": \"Fiction\", \"value\": 81802}, {\"name\": \"Entertainment\", \"value\": 17859}, {\"name\": \"Knowledge\", \"value\": 25846}, {\"name\": \"Proto4\", \"value\": 26784}, {\"name\": \"SeriesNous\", \"value\": 58678}, {\"name\": \"Lifestyle\", \"value\": 18540}, {\"name\": \"Moteurs\", \"value\": 40278}, {\"name\": \"Vivacite\", \"value\": 17127}, {\"name\": \"Proto2\", \"value\": 24478}, {\"name\": \"LaPremiere\", \"value\": 23609}, {\"name\": \"Films\", \"value\": 24924}, {\"name\": \"Documentaires\", \"value\": 12777}, {\"name\": \"Formule1\", \"value\": 3807}, {\"name\": \"Cyclisme\", \"value\": 38029}, {\"name\": \"RelaxJA\", \"value\": 13019}, {\"name\": \"Athletisme\", \"value\": 274}, {\"name\": \"Proto5\", \"value\": 14890}, {\"name\": \"Investigation\", \"value\": 18989}, {\"name\": \"Culture\", \"value\": 12660}, {\"name\": \"Tennis\", \"value\": 4081}, {\"name\": \"Consommation\", \"value\": 16831}, {\"name\": \"Humour\", \"value\": 5359}, {\"name\": \"Voyage\", \"value\": 3224}, {\"name\": \"Histoire\", \"value\": 9821}, {\"name\": \"Proto3\", \"value\": 11488}, {\"name\": \"MotoGP\", \"value\": 27843}, {\"name\": \"SeriesCorner\", \"value\": 8733}, {\"name\": \"Proto1\", \"value\": 1702}, {\"name\": \"Classic21\", \"value\": 8575}, {\"name\": \"WRC\", \"value\": 20197}, {\"name\": \"Nature\", \"value\": 5252}, {\"name\": \"EuropaLeague\", \"value\": 11967}, {\"name\": \"Patrimoine\", \"value\": 1953}, {\"name\": \"Cuisine\", \"value\": 2252}, {\"name\": \"Archives\", \"value\": 2278}, {\"name\": \"AB3\", \"value\": 3866}, {\"name\": \"Musiq3\", \"value\": 3696}, {\"name\": \"AuvioColors\", \"value\": 654}, {\"name\": \"AuvioKids\", \"value\": 2974}, {\"name\": \"Hockey\", \"value\": 50}, {\"name\": \"Basket\", \"value\": 953}, {\"name\": \"ABX\", \"value\": 1637}, {\"name\": \"Jardinage\", \"value\": 1528}, {\"name\": \"CycloCross\", \"value\": 916}, {\"name\": \"MusiqueClassique\", \"value\": 229}, {\"name\": \"ArtDeVivre\", \"value\": 1293}, {\"name\": \"Webcreation\", \"value\": 279}, {\"name\": \"Tarmac\", \"value\": 1120}, {\"name\": \"Rugby\", \"value\": 29}, {\"name\": \"eSport\", \"value\": 358}], \"values\": [[125931, 44540, 19433, 59879, 17030, 12431, 5627, 6634, 10839, 6565, 8225, 39833, 6283, 9789, 6775, 6678, 3290, 3796, 38014, 4767, 269, 7438, 8301, 6278, 4077, 6957, 2058, 1330, 3812, 5484, 27416, 1611, 293, 2990, 20170, 2066, 11965, 784, 615, 841, 1248, 1037, 243, 676, 48, 951, 947, 427, 916, 38, 416, 90, 624, 29, 303], [44540, 143542, 34693, 31513, 11173, 20862, 8462, 13322, 24467, 11714, 13191, 10736, 11399, 15198, 16309, 11637, 7026, 1634, 20176, 6938, 154, 13165, 17047, 9253, 2839, 14508, 2849, 2928, 7676, 9167, 4297, 3225, 493, 4319, 6984, 4200, 6907, 1439, 1070, 1332, 2000, 2060, 519, 1446, 23, 679, 793, 752, 547, 106, 759, 158, 886, 15, 134], [19433, 34693, 100567, 10458, 3255, 73111, 10115, 21130, 7523, 50679, 8982, 5804, 6553, 8656, 8455, 21904, 11729, 785, 6895, 4687, 74, 4822, 9145, 5210, 850, 8493, 2438, 1221, 5133, 6499, 3756, 8692, 419, 2359, 3412, 3903, 3035, 1223, 1004, 2266, 3866, 1484, 315, 2943, 15, 241, 1539, 1346, 180, 165, 1290, 162, 344, 10, 80], [59879, 31513, 10458, 60032, 17117, 6171, 2906, 3557, 8420, 3378, 6162, 10867, 4580, 7589, 4783, 4046, 1723, 1672, 22224, 3465, 157, 6076, 5963, 5222, 3523, 5055, 1467, 985, 2651, 4108, 3532, 804, 70, 2155, 7453, 1348, 9501, 509, 355, 444, 563, 798, 195, 320, 21, 842, 324, 244, 690, 17, 176, 62, 514, 15, 89], [17030, 11173, 3255, 17117, 17135, 1677, 712, 920, 3894, 904, 2762, 4994, 1645, 3573, 1793, 1557, 423, 891, 10155, 1368, 94, 2916, 1356, 2679, 2257, 2196, 515, 489, 1105, 1853, 1128, 250, 5, 929, 3600, 524, 4469, 233, 146, 115, 125, 366, 93, 78, 8, 552, 60, 69, 389, 7, 48, 29, 253, 7, 34], [12431, 20862, 73111, 6171, 1677, 81802, 5907, 10470, 4015, 58413, 4020, 3721, 3619, 4456, 5464, 20617, 6056, 461, 4023, 2773, 37, 2356, 5649, 2712, 434, 3429, 1544, 646, 2577, 2867, 2612, 8724, 213, 1110, 2139, 1954, 1852, 496, 431, 1035, 3397, 768, 209, 2480, 9, 98, 773, 392, 85, 74, 604, 158, 187, 4, 47], [5627, 8462, 10115, 2906, 712, 5907, 17859, 4643, 2310, 2982, 2365, 1737, 4379, 4603, 3809, 2900, 2112, 221, 1810, 4652, 21, 973, 2385, 1907, 192, 2595, 4114, 309, 1216, 1416, 1207, 915, 128, 1776, 1120, 1061, 1033, 315, 349, 866, 1119, 1122, 51, 499, 2, 45, 1253, 245, 39, 139, 1140, 38, 241, 4, 43], [6634, 13322, 21130, 3557, 920, 10470, 4643, 25846, 2798, 4999, 3273, 1902, 2662, 4754, 7675, 5733, 11962, 232, 2205, 1666, 24, 2241, 6904, 3044, 213, 2444, 968, 782, 4740, 4398, 1322, 1956, 172, 999, 1106, 3093, 1158, 471, 341, 1947, 1943, 991, 113, 1048, 5, 60, 752, 1125, 53, 122, 459, 65, 145, 5, 21], [10839, 24467, 7523, 8420, 3894, 4015, 2310, 2798, 26784, 2349, 6876, 3102, 3633, 5649, 4307, 3035, 1504, 569, 6057, 2299, 68, 6600, 1659, 3755, 1228, 5871, 874, 3220, 3009, 4027, 930, 739, 23, 1360, 1995, 1414, 2112, 787, 416, 289, 428, 814, 266, 285, 8, 313, 163, 288, 215, 21, 1271, 53, 422, 4, 44], [6565, 11714, 50679, 3378, 904, 58413, 2982, 4999, 2349, 58678, 2110, 1692, 2078, 2057, 2368, 8034, 3093, 243, 2207, 1837, 15, 1203, 3019, 1159, 240, 1931, 767, 347, 1238, 1434, 1106, 4486, 126, 551, 1055, 978, 884, 256, 252, 512, 1404, 349, 83, 725, 4, 56, 331, 222, 38, 31, 382, 80, 101, 1, 22], [8225, 13191, 8982, 6162, 2762, 4020, 2365, 3273, 6876, 2110, 18540, 2184, 4424, 4655, 3684, 2830, 1340, 318, 4328, 2384, 33, 5720, 1804, 3186, 665, 5193, 1084, 602, 1486, 5985, 815, 619, 27, 1297, 1427, 1083, 1621, 582, 926, 320, 436, 731, 109, 317, 2, 196, 180, 391, 128, 17, 406, 41, 221, 1, 38], [39833, 10736, 5804, 10867, 4994, 3721, 1737, 1902, 3102, 1692, 2184, 40278, 1573, 2745, 1559, 2020, 969, 3739, 9258, 1236, 81, 2125, 1653, 1782, 1876, 2092, 573, 440, 1158, 1631, 26894, 463, 140, 870, 12612, 664, 3197, 220, 159, 246, 472, 260, 62, 192, 11, 422, 434, 133, 357, 14, 125, 19, 227, 11, 259], [6283, 11399, 6553, 4580, 1645, 3619, 4379, 2662, 3633, 2078, 4424, 1573, 17127, 3455, 3447, 2533, 1145, 200, 2808, 2142, 28, 2136, 1798, 2024, 411, 3101, 2187, 392, 1272, 2015, 721, 582, 71, 1458, 1064, 762, 1185, 312, 1635, 309, 398, 681, 81, 261, 4, 101, 195, 409, 73, 18, 216, 47, 175, 3, 31], [9789, 15198, 8656, 7589, 3573, 4456, 4603, 4754, 5649, 2057, 4655, 2745, 3455, 24478, 5048, 4307, 1507, 514, 5385, 2875, 48, 4327, 1660, 12612, 973, 3362, 991, 714, 2353, 3130, 976, 824, 117, 8568, 1727, 1107, 1956, 1948, 646, 506, 397, 3696, 209, 321, 6, 290, 166, 266, 164, 227, 376, 67, 1119, 7, 107], [6775, 16309, 8455, 4783, 1793, 5464, 3809, 7675, 4307, 2368, 3684, 1559, 3447, 5048, 23609, 3425, 1994, 236, 3124, 2232, 32, 3298, 2529, 3321, 398, 2450, 968, 529, 2571, 2204, 674, 1526, 133, 1583, 1007, 946, 1126, 343, 740, 478, 513, 1097, 132, 376, 6, 113, 211, 225, 84, 58, 253, 81, 186, 3, 37], [6678, 11637, 21904, 4046, 1557, 20617, 2900, 5733, 3035, 8034, 2830, 2020, 2533, 4307, 3425, 24924, 3582, 303, 2799, 3780, 28, 2322, 3004, 2877, 408, 2148, 944, 472, 1802, 2161, 1148, 3340, 51, 1394, 1166, 1168, 1311, 319, 352, 706, 2936, 839, 117, 987, 5, 105, 468, 237, 86, 50, 311, 65, 171, 5, 35], [3290, 7026, 11729, 1723, 423, 6056, 2112, 11962, 1504, 3093, 1340, 969, 1145, 1507, 1994, 3582, 12777, 137, 1040, 843, 20, 1313, 5572, 853, 87, 1164, 518, 496, 1743, 1708, 650, 1245, 53, 377, 567, 1435, 612, 219, 133, 726, 1276, 300, 73, 634, 1, 31, 456, 171, 23, 58, 273, 37, 70, 3, 11], [3796, 1634, 785, 1672, 891, 461, 221, 232, 569, 243, 318, 3739, 200, 514, 236, 303, 137, 3807, 1411, 190, 33, 420, 254, 373, 349, 380, 91, 89, 235, 255, 901, 59, 15, 148, 1019, 107, 519, 43, 21, 34, 64, 41, 17, 34, 5, 155, 66, 9, 80, 2, 16, 2, 41, 4, 53], [38014, 20176, 6895, 22224, 10155, 4023, 1810, 2205, 6057, 2207, 4328, 9258, 2808, 5385, 3124, 2799, 1040, 1411, 38029, 2222, 145, 4248, 2678, 3788, 3136, 3613, 912, 748, 1866, 3044, 3024, 569, 36, 1504, 6496, 966, 5807, 391, 277, 290, 338, 572, 125, 223, 13, 723, 208, 164, 904, 17, 151, 44, 368, 10, 80], [4767, 6938, 4687, 3465, 1368, 2773, 4652, 1666, 2299, 1837, 2384, 1236, 2142, 2875, 2232, 3780, 843, 190, 2222, 13019, 24, 1946, 1160, 1750, 324, 1551, 2579, 239, 776, 1442, 531, 401, 75, 1310, 805, 458, 941, 187, 393, 256, 357, 530, 81, 184, 2, 98, 213, 160, 55, 14, 176, 46, 152, 0, 31], [269, 154, 74, 157, 94, 37, 21, 24, 68, 15, 33, 81, 28, 48, 32, 28, 20, 33, 145, 24, 274, 36, 26, 30, 52, 40, 6, 7, 29, 33, 31, 4, 1, 15, 52, 14, 66, 5, 2, 8, 3, 4, 1, 3, 5, 37, 7, 2, 20, 1, 1, 3, 4, 2, 1], [7438, 13165, 4822, 6076, 2916, 2356, 973, 2241, 6600, 1203, 5720, 2125, 2136, 4327, 3298, 2322, 1313, 420, 4248, 1946, 36, 14890, 1092, 3113, 781, 3919, 932, 834, 2296, 3630, 641, 463, 12, 1102, 1325, 1016, 1558, 440, 308, 193, 276, 649, 215, 175, 5, 232, 120, 172, 127, 15, 85, 39, 326, 3, 46], [8301, 17047, 9145, 5963, 1356, 5649, 2385, 6904, 1659, 3019, 1804, 1653, 1798, 1660, 2529, 3004, 5572, 254, 2678, 1160, 26, 1092, 18989, 1026, 262, 1606, 715, 379, 1436, 1413, 963, 976, 59, 421, 1072, 1011, 1676, 218, 138, 602, 1005, 235, 49, 417, 7, 78, 381, 141, 56, 19, 245, 30, 99, 2, 17], [6278, 9253, 5210, 5222, 2679, 2712, 1907, 3044, 3755, 1159, 3186, 1782, 2024, 12612, 3321, 2877, 853, 373, 3788, 1750, 30, 3113, 1026, 12660, 764, 2227, 624, 482, 1560, 2205, 546, 487, 20, 1246, 1124, 693, 1407, 530, 302, 268, 225, 1070, 161, 180, 5, 237, 82, 155, 125, 38, 109, 43, 280, 3, 89], [4077, 2839, 850, 3523, 2257, 434, 192, 213, 1228, 240, 665, 1876, 411, 973, 398, 408, 87, 349, 3136, 324, 52, 781, 262, 764, 4081, 730, 147, 151, 367, 528, 443, 66, 4, 210, 1410, 199, 1407, 84, 36, 33, 33, 101, 36, 25, 4, 246, 12, 20, 203, 1, 15, 7, 98, 5, 16], [6957, 14508, 8493, 5055, 2196, 3429, 2595, 2444, 5871, 1931, 5193, 2092, 3101, 3362, 2450, 2148, 1164, 380, 3613, 1551, 40, 3919, 1606, 2227, 730, 16831, 620, 791, 2107, 2533, 820, 535, 57, 850, 1402, 1168, 1406, 481, 324, 274, 427, 481, 188, 250, 5, 166, 187, 229, 130, 19, 344, 33, 283, 2, 37], [2058, 2849, 2438, 1467, 515, 1544, 4114, 968, 874, 767, 1084, 573, 2187, 991, 968, 944, 518, 91, 912, 2579, 6, 932, 715, 624, 147, 620, 5359, 127, 366, 661, 258, 265, 28, 340, 363, 234, 464, 86, 115, 180, 248, 181, 32, 114, 1, 39, 143, 79, 20, 10, 80, 103, 42, 1, 11], [1330, 2928, 1221, 985, 489, 646, 309, 782, 3220, 347, 602, 440, 392, 714, 529, 472, 496, 89, 748, 239, 7, 834, 379, 482, 151, 791, 127, 3224, 562, 608, 152, 124, 7, 147, 290, 299, 309, 140, 48, 92, 119, 118, 38, 79, 1, 42, 46, 56, 27, 3, 41, 5, 60, 0, 6], [3812, 7676, 5133, 2651, 1105, 2577, 1216, 4740, 3009, 1238, 1486, 1158, 1272, 2353, 2571, 1802, 1743, 235, 1866, 776, 29, 2296, 1436, 1560, 367, 2107, 366, 562, 9821, 1557, 493, 581, 12, 518, 720, 912, 702, 391, 153, 338, 445, 424, 149, 198, 6, 80, 191, 122, 70, 29, 115, 30, 173, 3, 16], [5484, 9167, 6499, 4108, 1853, 2867, 1416, 4398, 4027, 1434, 5985, 1631, 2015, 3130, 2204, 2161, 1708, 255, 3044, 1442, 33, 3630, 1413, 2205, 528, 2533, 661, 608, 1557, 11488, 598, 527, 30, 750, 1012, 5203, 1214, 405, 296, 247, 408, 551, 110, 289, 3, 171, 171, 1528, 109, 14, 165, 24, 215, 1, 26], [27416, 4297, 3756, 3532, 1128, 2612, 1207, 1322, 930, 1106, 815, 26894, 721, 976, 674, 1148, 650, 901, 3024, 531, 31, 641, 963, 546, 443, 820, 258, 152, 493, 598, 27843, 321, 118, 359, 4817, 319, 1041, 92, 79, 167, 358, 86, 23, 121, 7, 156, 305, 84, 117, 4, 90, 5, 97, 6, 237], [1611, 3225, 8692, 804, 250, 8724, 915, 1956, 739, 4486, 619, 463, 582, 824, 1526, 3340, 1245, 59, 569, 401, 4, 463, 976, 487, 66, 535, 265, 124, 581, 527, 321, 8733, 24, 209, 284, 360, 264, 97, 72, 205, 651, 167, 43, 214, 1, 18, 144, 71, 11, 15, 103, 39, 32, 3, 8], [293, 493, 419, 70, 5, 213, 128, 172, 23, 126, 27, 140, 71, 117, 133, 51, 53, 15, 36, 75, 1, 12, 59, 20, 4, 57, 28, 7, 12, 30, 118, 24, 1702, 64, 33, 15, 11, 4, 11, 21, 16, 34, 3, 10, 0, 0, 16, 14, 3, 2, 3, 0, 2, 1, 1], [2990, 4319, 2359, 2155, 929, 1110, 1776, 999, 1360, 551, 1297, 870, 1458, 8568, 1583, 1394, 377, 148, 1504, 1310, 15, 1102, 421, 1246, 210, 850, 340, 147, 518, 750, 359, 209, 64, 8575, 513, 195, 502, 103, 389, 138, 100, 541, 38, 78, 2, 50, 56, 57, 38, 22, 33, 17, 95, 4, 21], [20170, 6984, 3412, 7453, 3600, 2139, 1120, 1106, 1995, 1055, 1427, 12612, 1064, 1727, 1007, 1166, 567, 1019, 6496, 805, 52, 1325, 1072, 1124, 1410, 1402, 363, 290, 720, 1012, 4817, 284, 33, 513, 20197, 419, 2270, 168, 140, 145, 244, 156, 35, 126, 6, 275, 229, 78, 253, 7, 96, 10, 148, 10, 95], [2066, 4200, 3903, 1348, 524, 1954, 1061, 3093, 1414, 978, 1083, 664, 762, 1107, 946, 1168, 1435, 107, 966, 458, 14, 1016, 1011, 693, 199, 1168, 234, 299, 912, 5203, 319, 360, 15, 195, 419, 5252, 494, 238, 95, 181, 347, 245, 51, 227, 2, 62, 139, 231, 38, 12, 122, 12, 103, 1, 7], [11965, 6907, 3035, 9501, 4469, 1852, 1033, 1158, 2112, 884, 1621, 3197, 1185, 1956, 1126, 1311, 612, 519, 5807, 941, 66, 1558, 1676, 1407, 1407, 1406, 464, 309, 702, 1214, 1041, 264, 11, 502, 2270, 494, 11967, 157, 93, 143, 257, 213, 61, 95, 8, 350, 142, 88, 244, 7, 92, 19, 177, 6, 24], [784, 1439, 1223, 509, 233, 496, 315, 471, 787, 256, 582, 220, 312, 1948, 343, 319, 219, 43, 391, 187, 5, 440, 218, 530, 84, 481, 86, 140, 391, 405, 92, 97, 4, 103, 168, 238, 157, 1953, 58, 107, 71, 124, 25, 39, 2, 18, 28, 85, 17, 8, 271, 2, 42, 0, 7], [615, 1070, 1004, 355, 146, 431, 349, 341, 416, 252, 926, 159, 1635, 646, 740, 352, 133, 21, 277, 393, 2, 308, 138, 302, 36, 324, 115, 48, 153, 296, 79, 72, 11, 389, 140, 95, 93, 58, 2252, 41, 44, 148, 7, 32, 0, 11, 33, 61, 8, 1, 41, 7, 29, 0, 4], [841, 1332, 2266, 444, 115, 1035, 866, 1947, 289, 512, 320, 246, 309, 506, 478, 706, 726, 34, 290, 256, 8, 193, 602, 268, 33, 274, 180, 92, 338, 247, 167, 205, 21, 138, 145, 181, 143, 107, 41, 2278, 239, 101, 18, 183, 0, 8, 122, 39, 7, 12, 62, 8, 30, 2, 5], [1248, 2000, 3866, 563, 125, 3397, 1119, 1943, 428, 1404, 436, 472, 398, 397, 513, 2936, 1276, 64, 338, 357, 3, 276, 1005, 225, 33, 427, 248, 119, 445, 408, 358, 651, 16, 100, 244, 347, 257, 71, 44, 239, 3866, 63, 17, 237, 1, 11, 308, 61, 8, 12, 113, 12, 17, 0, 8], [1037, 2060, 1484, 798, 366, 768, 1122, 991, 814, 349, 731, 260, 681, 3696, 1097, 839, 300, 41, 572, 530, 4, 649, 235, 1070, 101, 481, 181, 118, 424, 551, 86, 167, 34, 541, 156, 245, 213, 124, 148, 101, 63, 3696, 42, 81, 2, 29, 24, 60, 18, 182, 26, 21, 64, 0, 14], [243, 519, 315, 195, 93, 209, 51, 113, 266, 83, 109, 62, 81, 209, 132, 117, 73, 17, 125, 81, 1, 215, 49, 161, 36, 188, 32, 38, 149, 110, 23, 43, 3, 38, 35, 51, 61, 25, 7, 18, 17, 42, 654, 13, 0, 9, 6, 5, 3, 4, 4, 5, 21, 0, 3], [676, 1446, 2943, 320, 78, 2480, 499, 1048, 285, 725, 317, 192, 261, 321, 376, 987, 634, 34, 223, 184, 3, 175, 417, 180, 25, 250, 114, 79, 198, 289, 121, 214, 10, 78, 126, 227, 95, 39, 32, 183, 237, 81, 13, 2974, 1, 9, 75, 37, 5, 13, 55, 10, 22, 0, 4], [48, 23, 15, 21, 8, 9, 2, 5, 8, 4, 2, 11, 4, 6, 6, 5, 1, 5, 13, 2, 5, 5, 7, 5, 4, 5, 1, 1, 6, 3, 7, 1, 0, 2, 6, 2, 8, 2, 0, 0, 1, 2, 0, 1, 50, 2, 2, 0, 2, 0, 0, 0, 1, 2, 1], [951, 679, 241, 842, 552, 98, 45, 60, 313, 56, 196, 422, 101, 290, 113, 105, 31, 155, 723, 98, 37, 232, 78, 237, 246, 166, 39, 42, 80, 171, 156, 18, 0, 50, 275, 62, 350, 18, 11, 8, 11, 29, 9, 9, 2, 953, 4, 3, 53, 0, 5, 0, 39, 1, 3], [947, 793, 1539, 324, 60, 773, 1253, 752, 163, 331, 180, 434, 195, 166, 211, 468, 456, 66, 208, 213, 7, 120, 381, 82, 12, 187, 143, 46, 191, 171, 305, 144, 16, 56, 229, 139, 142, 28, 33, 122, 308, 24, 6, 75, 2, 4, 1637, 28, 2, 5, 66, 4, 8, 0, 13], [427, 752, 1346, 244, 69, 392, 245, 1125, 288, 222, 391, 133, 409, 266, 225, 237, 171, 9, 164, 160, 2, 172, 141, 155, 20, 229, 79, 56, 122, 1528, 84, 71, 14, 57, 78, 231, 88, 85, 61, 39, 61, 60, 5, 37, 0, 3, 28, 1528, 6, 2, 58, 4, 15, 0, 3], [916, 547, 180, 690, 389, 85, 39, 53, 215, 38, 128, 357, 73, 164, 84, 86, 23, 80, 904, 55, 20, 127, 56, 125, 203, 130, 20, 27, 70, 109, 117, 11, 3, 38, 253, 38, 244, 17, 8, 7, 8, 18, 3, 5, 2, 53, 2, 6, 916, 0, 3, 1, 15, 2, 4], [38, 106, 165, 17, 7, 74, 139, 122, 21, 31, 17, 14, 18, 227, 58, 50, 58, 2, 17, 14, 1, 15, 19, 38, 1, 19, 10, 3, 29, 14, 4, 15, 2, 22, 7, 12, 7, 8, 1, 12, 12, 182, 4, 13, 0, 0, 5, 2, 0, 229, 2, 2, 2, 0, 0], [416, 759, 1290, 176, 48, 604, 1140, 459, 1271, 382, 406, 125, 216, 376, 253, 311, 273, 16, 151, 176, 1, 85, 245, 109, 15, 344, 80, 41, 115, 165, 90, 103, 3, 33, 96, 122, 92, 271, 41, 62, 113, 26, 4, 55, 0, 5, 66, 58, 3, 2, 1293, 2, 15, 0, 3], [90, 158, 162, 62, 29, 158, 38, 65, 53, 80, 41, 19, 47, 67, 81, 65, 37, 2, 44, 46, 3, 39, 30, 43, 7, 33, 103, 5, 30, 24, 5, 39, 0, 17, 10, 12, 19, 2, 7, 8, 12, 21, 5, 10, 0, 0, 4, 4, 1, 2, 2, 279, 2, 0, 0], [624, 886, 344, 514, 253, 187, 241, 145, 422, 101, 221, 227, 175, 1119, 186, 171, 70, 41, 368, 152, 4, 326, 99, 280, 98, 283, 42, 60, 173, 215, 97, 32, 2, 95, 148, 103, 177, 42, 29, 30, 17, 64, 21, 22, 1, 39, 8, 15, 15, 2, 15, 2, 1120, 1, 32], [29, 15, 10, 15, 7, 4, 4, 5, 4, 1, 1, 11, 3, 7, 3, 5, 3, 4, 10, 0, 2, 3, 2, 3, 5, 2, 1, 0, 3, 1, 6, 3, 1, 4, 10, 1, 6, 0, 0, 2, 0, 0, 0, 0, 2, 1, 0, 0, 2, 0, 0, 0, 1, 29, 2], [303, 134, 80, 89, 34, 47, 43, 21, 44, 22, 38, 259, 31, 107, 37, 35, 11, 53, 80, 31, 1, 46, 17, 89, 16, 37, 11, 6, 16, 26, 237, 8, 1, 21, 95, 7, 24, 7, 4, 5, 8, 14, 3, 4, 1, 3, 13, 3, 4, 0, 3, 0, 32, 2, 358]], \"names\": [\"Sport\", \"Information\", \"TV\", \"Football\", \"DiablesRouges\", \"Fiction\", \"Entertainment\", \"Knowledge\", \"Proto4\", \"SeriesNous\", \"Lifestyle\", \"Moteurs\", \"Vivacite\", \"Proto2\", \"LaPremiere\", \"Films\", \"Documentaires\", \"Formule1\", \"Cyclisme\", \"RelaxJA\", \"Athletisme\", \"Proto5\", \"Investigation\", \"Culture\", \"Tennis\", \"Consommation\", \"Humour\", \"Voyage\", \"Histoire\", \"Proto3\", \"MotoGP\", \"SeriesCorner\", \"Proto1\", \"Classic21\", \"WRC\", \"Nature\", \"EuropaLeague\", \"Patrimoine\", \"Cuisine\", \"Archives\", \"AB3\", \"Musiq3\", \"AuvioColors\", \"AuvioKids\", \"Hockey\", \"Basket\", \"ABX\", \"Jardinage\", \"CycloCross\", \"MusiqueClassique\", \"ArtDeVivre\", \"Webcreation\", \"Tarmac\", \"Rugby\", \"eSport\"], \"distribution\": [{\"segs\": 0, \"counts\": 3470183}, {\"segs\": 1, \"counts\": 59884}, {\"segs\": 2, \"counts\": 67057}, {\"segs\": 3, \"counts\": 82838}, {\"segs\": 4, \"counts\": 32835}, {\"segs\": 5, \"counts\": 19716}, {\"segs\": 6, \"counts\": 13631}, {\"segs\": 7, \"counts\": 9483}, {\"segs\": 8, \"counts\": 6531}, {\"segs\": 9, \"counts\": 4813}, {\"segs\": 10, \"counts\": 3487}, {\"segs\": 11, \"counts\": 2657}, {\"segs\": 12, \"counts\": 1884}, {\"segs\": 13, \"counts\": 1369}, {\"segs\": 14, \"counts\": 989}, {\"segs\": 15, \"counts\": 765}, {\"segs\": 16, \"counts\": 551}, {\"segs\": 17, \"counts\": 453}, {\"segs\": 18, \"counts\": 289}, {\"segs\": 19, \"counts\": 205}, {\"segs\": 20, \"counts\": 141}, {\"segs\": 21, \"counts\": 114}, {\"segs\": 22, \"counts\": 80}, {\"segs\": 23, \"counts\": 75}, {\"segs\": 24, \"counts\": 27}, {\"segs\": 25, \"counts\": 26}, {\"segs\": 26, \"counts\": 10}, {\"segs\": 27, \"counts\": 13}, {\"segs\": 28, \"counts\": 6}, {\"segs\": 29, \"counts\": 5}, {\"segs\": 30, \"counts\": 1}, {\"segs\": 31, \"counts\": 2}, {\"segs\": 32, \"counts\": 2}, {\"segs\": 37, \"counts\": 1}]}\n"
     ]
    },
    {
     "name": "stdout",
     "output_type": "stream",
     "text": [
